% colors
colorAmolfGreen = [110/255 255/255 0/255];
colorAmolfBlue = [0/255 145/255 255/255];
colorAmolfDarkGreen = [0/255 181/255 60/255];
colorAmolfYellow = [218/255 242/255 0/255];